5000
1 2
1 3
1 4
2 5
3 6
1 7
2 8
2 9
1 10
10 11
6 12
7 13
12 14
10 15
12 16
16 17
17 18
6 19
17 20
5 21
3 22
15 23
14 24
24 25
18 26
1 27
19 28
2 29
25 30
25 31
30 32
2 33
11 34
13 35
9 36
19 37
33 38
10 39
24 40
10 41
11 42
35 43
39 44
5 45
34 46
38 47
33 48
28 49
47 50
2 51
36 52
38 53
22 54
15 55
20 56
47 57
36 58
43 59
30 60
57 61
52 62
20 63
7 64
6 65
14 66
65 67
50 68
32 69
27 70
2 71
23 72
4 73
39 74
59 75
8 76
69 77
64 78
52 79
40 80
7 81
79 82
36 83
20 84
22 85
59 86
75 87
86 88
86 89
55 90
77 91
51 92
31 93
16 94
44 95
90 96
14 97
72 98
4 99
88 100
23 101
62 102
88 103
71 104
36 105
102 106
73 107
12 108
52 109
15 110
41 111
55 112
108 113
35 114
3 115
74 116
15 117
9 118
36 119
51 120
21 121
45 122
36 123
27 124
108 125
97 126
78 127
51 128
108 129
33 130
78 131
42 132
125 133
34 134
33 135
116 136
28 137
77 138
57 139
63 140
63 141
124 142
138 143
57 144
19 145
78 146
5 147
76 148
98 149
22 150
41 151
8 152
88 153
111 154
44 155
6 156
46 157
49 158
145 159
39 160
62 161
72 162
60 163
135 164
6 165
35 166
133 167
94 168
18 169
22 170
122 171
114 172
20 173
162 174
162 175
173 176
120 177
77 178
92 179
147 180
141 181
30 182
6 183
14 184
167 185
36 186
4 187
13 188
125 189
79 190
68 191
8 192
176 193
162 194
140 195
192 196
152 197
179 198
15 199
40 200
39 201
129 202
93 203
2 204
1 205
142 206
51 207
133 208
145 209
40 210
130 211
6 212
154 213
122 214
101 215
54 216
201 217
58 218
120 219
163 220
115 221
85 222
34 223
195 224
40 225
157 226
111 227
154 228
75 229
154 230
197 231
27 232
159 233
97 234
89 235
165 236
231 237
167 238
161 239
35 240
110 241
198 242
76 243
211 244
155 245
122 246
199 247
234 248
155 249
15 250
100 251
61 252
18 253
247 254
250 255
237 256
22 257
47 258
50 259
34 260
149 261
126 262
193 263
231 264
105 265
46 266
202 267
5 268
93 269
253 270
267 271
240 272
81 273
90 274
28 275
275 276
57 277
221 278
66 279
260 280
57 281
50 282
1 283
201 284
140 285
81 286
80 287
219 288
16 289
245 290
76 291
83 292
221 293
258 294
157 295
260 296
52 297
153 298
53 299
128 300
199 301
185 302
101 303
140 304
200 305
199 306
102 307
199 308
206 309
108 310
168 311
247 312
288 313
11 314
167 315
48 316
227 317
187 318
67 319
281 320
314 321
111 322
205 323
260 324
74 325
73 326
267 327
320 328
33 329
44 330
10 331
64 332
332 333
327 334
278 335
327 336
264 337
66 338
66 339
232 340
294 341
295 342
227 343
7 344
206 345
195 346
319 347
73 348
329 349
289 350
141 351
115 352
303 353
211 354
62 355
242 356
285 357
134 358
297 359
355 360
258 361
152 362
342 363
173 364
272 365
249 366
326 367
62 368
120 369
2 370
283 371
303 372
96 373
234 374
326 375
31 376
354 377
34 378
298 379
114 380
305 381
325 382
12 383
269 384
112 385
284 386
81 387
267 388
388 389
281 390
153 391
363 392
338 393
194 394
46 395
179 396
312 397
10 398
31 399
337 400
271 401
398 402
191 403
283 404
118 405
67 406
41 407
159 408
394 409
300 410
339 411
238 412
123 413
107 414
145 415
346 416
122 417
158 418
44 419
285 420
105 421
60 422
101 423
378 424
261 425
316 426
351 427
190 428
288 429
128 430
309 431
56 432
371 433
131 434
17 435
115 436
141 437
242 438
233 439
248 440
121 441
374 442
66 443
395 444
246 445
308 446
99 447
166 448
199 449
212 450
323 451
341 452
175 453
163 454
418 455
333 456
177 457
237 458
13 459
213 460
181 461
192 462
67 463
213 464
384 465
422 466
19 467
391 468
157 469
446 470
283 471
352 472
67 473
405 474
382 475
332 476
81 477
230 478
196 479
69 480
78 481
292 482
222 483
76 484
474 485
311 486
397 487
140 488
247 489
367 490
64 491
433 492
82 493
102 494
130 495
83 496
154 497
493 498
392 499
326 500
248 501
26 502
212 503
288 504
416 505
440 506
477 507
45 508
230 509
94 510
391 511
75 512
241 513
472 514
109 515
402 516
419 517
486 518
218 519
98 520
414 521
282 522
63 523
474 524
208 525
506 526
21 527
19 528
347 529
155 530
266 531
86 532
150 533
3 534
451 535
525 536
456 537
230 538
409 539
490 540
344 541
55 542
114 543
473 544
174 545
447 546
156 547
467 548
299 549
548 550
60 551
520 552
198 553
166 554
187 555
195 556
82 557
468 558
543 559
455 560
351 561
493 562
462 563
410 564
305 565
549 566
101 567
104 568
467 569
38 570
497 571
403 572
439 573
273 574
362 575
149 576
297 577
442 578
486 579
326 580
292 581
358 582
528 583
471 584
413 585
251 586
334 587
587 588
239 589
229 590
375 591
301 592
512 593
269 594
225 595
456 596
256 597
562 598
333 599
304 600
333 601
521 602
581 603
566 604
2 605
262 606
431 607
571 608
105 609
66 610
124 611
170 612
300 613
454 614
456 615
75 616
546 617
562 618
431 619
601 620
551 621
522 622
482 623
17 624
28 625
262 626
303 627
547 628
95 629
17 630
630 631
210 632
210 633
447 634
488 635
206 636
331 637
92 638
367 639
226 640
429 641
86 642
140 643
419 644
218 645
346 646
324 647
223 648
618 649
499 650
246 651
494 652
334 653
424 654
597 655
193 656
446 657
539 658
403 659
454 660
108 661
550 662
207 663
403 664
35 665
298 666
35 667
464 668
559 669
221 670
614 671
518 672
349 673
467 674
634 675
332 676
562 677
566 678
640 679
70 680
179 681
635 682
555 683
416 684
213 685
138 686
192 687
217 688
572 689
682 690
132 691
359 692
439 693
542 694
329 695
501 696
71 697
115 698
427 699
542 700
621 701
104 702
279 703
518 704
133 705
402 706
231 707
639 708
685 709
463 710
261 711
487 712
604 713
420 714
126 715
631 716
23 717
610 718
542 719
658 720
322 721
456 722
291 723
366 724
434 725
422 726
226 727
119 728
492 729
368 730
170 731
399 732
620 733
216 734
179 735
134 736
577 737
684 738
727 739
584 740
387 741
84 742
659 743
359 744
105 745
528 746
48 747
76 748
224 749
111 750
122 751
421 752
57 753
217 754
362 755
32 756
687 757
128 758
257 759
519 760
362 761
456 762
580 763
382 764
93 765
226 766
732 767
234 768
476 769
584 770
170 771
256 772
410 773
12 774
458 775
384 776
409 777
646 778
216 779
144 780
631 781
765 782
240 783
45 784
187 785
744 786
142 787
330 788
37 789
424 790
324 791
596 792
259 793
724 794
129 795
465 796
168 797
256 798
785 799
615 800
667 801
174 802
405 803
261 804
778 805
776 806
803 807
596 808
808 809
239 810
726 811
768 812
126 813
775 814
394 815
784 816
608 817
357 818
60 819
426 820
582 821
135 822
327 823
61 824
360 825
665 826
110 827
319 828
423 829
298 830
327 831
175 832
421 833
750 834
726 835
137 836
771 837
36 838
502 839
428 840
443 841
38 842
736 843
380 844
259 845
621 846
558 847
384 848
626 849
395 850
80 851
596 852
173 853
772 854
573 855
221 856
57 857
252 858
443 859
841 860
248 861
776 862
692 863
772 864
744 865
395 866
244 867
820 868
667 869
232 870
415 871
22 872
258 873
259 874
147 875
718 876
597 877
162 878
210 879
687 880
328 881
571 882
420 883
229 884
559 885
174 886
25 887
202 888
6 889
600 890
629 891
860 892
538 893
618 894
583 895
271 896
119 897
21 898
262 899
308 900
226 901
202 902
119 903
245 904
722 905
175 906
897 907
740 908
842 909
399 910
323 911
709 912
407 913
687 914
840 915
851 916
716 917
913 918
835 919
172 920
43 921
331 922
164 923
613 924
707 925
135 926
347 927
145 928
571 929
893 930
701 931
637 932
323 933
777 934
253 935
587 936
618 937
879 938
646 939
156 940
721 941
393 942
223 943
278 944
102 945
557 946
209 947
400 948
888 949
417 950
656 951
826 952
640 953
322 954
370 955
716 956
612 957
53 958
524 959
764 960
485 961
564 962
882 963
839 964
546 965
883 966
486 967
865 968
813 969
113 970
36 971
867 972
883 973
602 974
820 975
133 976
222 977
48 978
125 979
181 980
939 981
432 982
487 983
554 984
921 985
405 986
509 987
477 988
378 989
463 990
252 991
292 992
37 993
618 994
828 995
887 996
247 997
410 998
616 999
180 1000
132 1001
360 1002
838 1003
411 1004
831 1005
312 1006
240 1007
81 1008
674 1009
957 1010
597 1011
30 1012
64 1013
67 1014
592 1015
409 1016
343 1017
705 1018
553 1019
404 1020
408 1021
210 1022
212 1023
632 1024
521 1025
362 1026
38 1027
291 1028
330 1029
767 1030
511 1031
423 1032
290 1033
527 1034
117 1035
33 1036
400 1037
516 1038
452 1039
682 1040
686 1041
571 1042
120 1043
326 1044
1011 1045
682 1046
623 1047
956 1048
237 1049
287 1050
865 1051
478 1052
671 1053
187 1054
709 1055
104 1056
366 1057
11 1058
385 1059
895 1060
675 1061
375 1062
273 1063
34 1064
429 1065
433 1066
1050 1067
1005 1068
863 1069
719 1070
84 1071
563 1072
19 1073
269 1074
352 1075
534 1076
920 1077
930 1078
552 1079
1014 1080
421 1081
1019 1082
603 1083
729 1084
191 1085
32 1086
917 1087
959 1088
834 1089
941 1090
478 1091
1021 1092
1054 1093
671 1094
1036 1095
1057 1096
150 1097
497 1098
436 1099
615 1100
569 1101
530 1102
255 1103
908 1104
540 1105
21 1106
209 1107
644 1108
271 1109
479 1110
19 1111
804 1112
672 1113
741 1114
654 1115
512 1116
483 1117
448 1118
470 1119
811 1120
227 1121
799 1122
31 1123
250 1124
964 1125
180 1126
401 1127
994 1128
744 1129
523 1130
1121 1131
274 1132
867 1133
343 1134
346 1135
132 1136
82 1137
1129 1138
585 1139
751 1140
265 1141
63 1142
816 1143
354 1144
1109 1145
699 1146
148 1147
1134 1148
905 1149
383 1150
1034 1151
856 1152
728 1153
686 1154
842 1155
725 1156
242 1157
1132 1158
794 1159
263 1160
392 1161
359 1162
125 1163
1030 1164
4 1165
1131 1166
931 1167
909 1168
163 1169
1029 1170
424 1171
333 1172
55 1173
932 1174
463 1175
446 1176
12 1177
961 1178
951 1179
1065 1180
655 1181
39 1182
1146 1183
926 1184
1097 1185
694 1186
258 1187
913 1188
304 1189
1119 1190
1167 1191
236 1192
484 1193
681 1194
296 1195
114 1196
715 1197
1096 1198
635 1199
676 1200
566 1201
1109 1202
862 1203
898 1204
6 1205
877 1206
1106 1207
583 1208
722 1209
846 1210
176 1211
278 1212
835 1213
176 1214
617 1215
649 1216
615 1217
326 1218
809 1219
1165 1220
1132 1221
444 1222
743 1223
372 1224
237 1225
935 1226
1119 1227
584 1228
19 1229
941 1230
430 1231
110 1232
84 1233
695 1234
765 1235
934 1236
1177 1237
244 1238
648 1239
1082 1240
741 1241
1008 1242
294 1243
38 1244
878 1245
1151 1246
729 1247
141 1248
471 1249
400 1250
584 1251
630 1252
395 1253
762 1254
1136 1255
1180 1256
847 1257
501 1258
644 1259
155 1260
42 1261
196 1262
468 1263
814 1264
1132 1265
1225 1266
305 1267
505 1268
353 1269
644 1270
622 1271
675 1272
223 1273
523 1274
1161 1275
341 1276
18 1277
708 1278
645 1279
985 1280
732 1281
372 1282
1145 1283
1014 1284
827 1285
730 1286
1075 1287
285 1288
727 1289
478 1290
643 1291
345 1292
515 1293
543 1294
1222 1295
1194 1296
21 1297
1138 1298
1170 1299
280 1300
490 1301
664 1302
61 1303
191 1304
454 1305
130 1306
151 1307
1102 1308
1033 1309
41 1310
864 1311
850 1312
469 1313
995 1314
726 1315
106 1316
89 1317
272 1318
409 1319
576 1320
384 1321
84 1322
1180 1323
1081 1324
930 1325
606 1326
322 1327
809 1328
1081 1329
355 1330
1138 1331
418 1332
472 1333
372 1334
863 1335
485 1336
148 1337
211 1338
1010 1339
1169 1340
363 1341
948 1342
1290 1343
1086 1344
427 1345
551 1346
10 1347
119 1348
163 1349
1265 1350
1114 1351
77 1352
1275 1353
437 1354
158 1355
135 1356
736 1357
454 1358
1260 1359
154 1360
1092 1361
615 1362
879 1363
969 1364
1121 1365
24 1366
690 1367
1167 1368
395 1369
1174 1370
785 1371
619 1372
3 1373
807 1374
1072 1375
1238 1376
1309 1377
973 1378
146 1379
1132 1380
1230 1381
44 1382
930 1383
1363 1384
271 1385
579 1386
788 1387
1225 1388
1263 1389
1280 1390
1101 1391
141 1392
1337 1393
1061 1394
871 1395
1117 1396
325 1397
1294 1398
763 1399
607 1400
1058 1401
35 1402
752 1403
1312 1404
1001 1405
954 1406
485 1407
267 1408
412 1409
940 1410
175 1411
386 1412
460 1413
457 1414
1095 1415
409 1416
1057 1417
1174 1418
1144 1419
1250 1420
965 1421
1086 1422
1 1423
475 1424
321 1425
954 1426
976 1427
1379 1428
1200 1429
1189 1430
360 1431
1192 1432
231 1433
201 1434
1028 1435
690 1436
49 1437
408 1438
371 1439
119 1440
1087 1441
1093 1442
881 1443
84 1444
770 1445
707 1446
678 1447
198 1448
1073 1449
716 1450
689 1451
40 1452
694 1453
1425 1454
1262 1455
1115 1456
849 1457
517 1458
759 1459
139 1460
1308 1461
1424 1462
816 1463
1101 1464
212 1465
381 1466
1128 1467
566 1468
947 1469
592 1470
1178 1471
558 1472
286 1473
669 1474
977 1475
103 1476
469 1477
1356 1478
1064 1479
648 1480
260 1481
256 1482
1274 1483
253 1484
303 1485
1406 1486
225 1487
1458 1488
529 1489
981 1490
1225 1491
1008 1492
558 1493
454 1494
474 1495
130 1496
1117 1497
1354 1498
771 1499
319 1500
927 1501
1432 1502
3 1503
671 1504
1096 1505
285 1506
345 1507
1105 1508
1433 1509
895 1510
465 1511
1209 1512
942 1513
208 1514
551 1515
680 1516
280 1517
983 1518
58 1519
1223 1520
108 1521
156 1522
216 1523
1023 1524
502 1525
1269 1526
112 1527
1316 1528
349 1529
659 1530
103 1531
150 1532
1342 1533
1074 1534
719 1535
1467 1536
384 1537
470 1538
1255 1539
1075 1540
1141 1541
589 1542
1419 1543
683 1544
1499 1545
222 1546
1399 1547
452 1548
67 1549
1294 1550
896 1551
907 1552
638 1553
1331 1554
1069 1555
1448 1556
361 1557
779 1558
1420 1559
998 1560
954 1561
1349 1562
448 1563
1387 1564
501 1565
1184 1566
674 1567
504 1568
375 1569
1068 1570
1545 1571
895 1572
1381 1573
383 1574
1098 1575
523 1576
77 1577
666 1578
648 1579
1326 1580
61 1581
1046 1582
1574 1583
640 1584
580 1585
851 1586
602 1587
911 1588
31 1589
646 1590
1157 1591
820 1592
664 1593
666 1594
197 1595
1293 1596
1170 1597
579 1598
260 1599
1110 1600
77 1601
436 1602
1436 1603
599 1604
1391 1605
923 1606
1565 1607
321 1608
316 1609
488 1610
301 1611
261 1612
1588 1613
1355 1614
90 1615
231 1616
791 1617
1075 1618
257 1619
1520 1620
45 1621
736 1622
1034 1623
25 1624
291 1625
70 1626
905 1627
1091 1628
575 1629
661 1630
796 1631
667 1632
1328 1633
1299 1634
1527 1635
512 1636
90 1637
901 1638
721 1639
834 1640
1014 1641
12 1642
1454 1643
1041 1644
1629 1645
632 1646
1114 1647
551 1648
212 1649
447 1650
1257 1651
1243 1652
252 1653
1012 1654
1015 1655
1565 1656
24 1657
733 1658
1063 1659
497 1660
919 1661
551 1662
398 1663
64 1664
563 1665
1328 1666
1600 1667
1171 1668
970 1669
538 1670
880 1671
1495 1672
628 1673
337 1674
1265 1675
1375 1676
985 1677
1401 1678
589 1679
933 1680
1259 1681
96 1682
52 1683
843 1684
1268 1685
1421 1686
1593 1687
321 1688
524 1689
869 1690
555 1691
1382 1692
832 1693
93 1694
546 1695
206 1696
783 1697
1395 1698
427 1699
948 1700
1202 1701
1525 1702
182 1703
356 1704
1178 1705
1591 1706
1409 1707
1351 1708
1282 1709
633 1710
646 1711
1011 1712
1345 1713
1527 1714
1557 1715
1484 1716
308 1717
73 1718
548 1719
1249 1720
497 1721
1095 1722
924 1723
1222 1724
288 1725
1289 1726
80 1727
77 1728
445 1729
464 1730
1722 1731
471 1732
1359 1733
1357 1734
937 1735
257 1736
216 1737
183 1738
1062 1739
1065 1740
1446 1741
1205 1742
1145 1743
698 1744
1128 1745
316 1746
625 1747
1394 1748
1433 1749
470 1750
1363 1751
818 1752
673 1753
860 1754
681 1755
1246 1756
1651 1757
103 1758
74 1759
1632 1760
910 1761
1691 1762
197 1763
1660 1764
1519 1765
232 1766
604 1767
1261 1768
1498 1769
1062 1770
376 1771
442 1772
951 1773
1581 1774
269 1775
487 1776
105 1777
1077 1778
81 1779
1464 1780
1371 1781
467 1782
312 1783
1182 1784
446 1785
644 1786
1691 1787
1715 1788
116 1789
1030 1790
1695 1791
119 1792
1739 1793
151 1794
768 1795
623 1796
382 1797
745 1798
1394 1799
382 1800
1367 1801
42 1802
620 1803
605 1804
1598 1805
1534 1806
1664 1807
1617 1808
298 1809
142 1810
749 1811
595 1812
1221 1813
1545 1814
1689 1815
775 1816
638 1817
768 1818
724 1819
1212 1820
989 1821
1025 1822
155 1823
440 1824
1743 1825
1551 1826
1574 1827
468 1828
767 1829
900 1830
1107 1831
1358 1832
1516 1833
85 1834
1187 1835
1230 1836
817 1837
343 1838
799 1839
684 1840
297 1841
1560 1842
1685 1843
781 1844
873 1845
1183 1846
121 1847
1635 1848
1526 1849
483 1850
215 1851
592 1852
68 1853
1757 1854
796 1855
698 1856
368 1857
180 1858
1146 1859
1123 1860
1372 1861
595 1862
953 1863
157 1864
892 1865
980 1866
1166 1867
1564 1868
78 1869
504 1870
485 1871
746 1872
1518 1873
1515 1874
1164 1875
1344 1876
1317 1877
737 1878
237 1879
259 1880
250 1881
356 1882
597 1883
1597 1884
1578 1885
1556 1886
1602 1887
881 1888
1581 1889
800 1890
915 1891
982 1892
716 1893
417 1894
1237 1895
1750 1896
1050 1897
1831 1898
1387 1899
503 1900
611 1901
1692 1902
35 1903
377 1904
1125 1905
193 1906
1398 1907
1433 1908
1042 1909
739 1910
1703 1911
128 1912
1501 1913
703 1914
1141 1915
486 1916
1792 1917
806 1918
1203 1919
942 1920
1379 1921
672 1922
1922 1923
423 1924
1453 1925
494 1926
1505 1927
1028 1928
1487 1929
1822 1930
1597 1931
678 1932
60 1933
1722 1934
526 1935
739 1936
1465 1937
823 1938
1257 1939
118 1940
187 1941
121 1942
14 1943
824 1944
217 1945
262 1946
619 1947
1061 1948
777 1949
342 1950
361 1951
986 1952
1519 1953
497 1954
979 1955
1533 1956
187 1957
1161 1958
433 1959
1679 1960
1160 1961
351 1962
1291 1963
506 1964
285 1965
704 1966
1854 1967
991 1968
310 1969
1555 1970
1914 1971
309 1972
638 1973
1635 1974
1941 1975
678 1976
1654 1977
784 1978
71 1979
1029 1980
1129 1981
618 1982
118 1983
1371 1984
1741 1985
538 1986
537 1987
1390 1988
1691 1989
534 1990
1586 1991
929 1992
381 1993
1117 1994
1702 1995
1391 1996
1948 1997
1307 1998
708 1999
420 2000
303 2001
1185 2002
823 2003
1007 2004
876 2005
1121 2006
339 2007
1677 2008
1253 2009
1437 2010
310 2011
1140 2012
712 2013
303 2014
1207 2015
1896 2016
146 2017
109 2018
436 2019
1961 2020
676 2021
1496 2022
577 2023
595 2024
829 2025
1970 2026
1255 2027
1117 2028
1285 2029
1690 2030
251 2031
1847 2032
122 2033
1634 2034
1409 2035
473 2036
515 2037
990 2038
2038 2039
1614 2040
1388 2041
304 2042
1677 2043
293 2044
873 2045
830 2046
904 2047
472 2048
659 2049
1509 2050
606 2051
492 2052
1392 2053
555 2054
1544 2055
1804 2056
706 2057
1830 2058
1971 2059
350 2060
652 2061
359 2062
1803 2063
270 2064
1599 2065
1937 2066
532 2067
642 2068
357 2069
1760 2070
537 2071
581 2072
464 2073
1498 2074
1920 2075
290 2076
1965 2077
785 2078
1218 2079
208 2080
10 2081
626 2082
1627 2083
1287 2084
478 2085
1437 2086
1776 2087
2072 2088
1960 2089
1910 2090
1035 2091
470 2092
1125 2093
1955 2094
502 2095
1755 2096
1847 2097
1119 2098
1226 2099
1246 2100
1403 2101
331 2102
1019 2103
245 2104
1755 2105
1102 2106
180 2107
1988 2108
1735 2109
1256 2110
1676 2111
95 2112
1642 2113
2087 2114
1150 2115
332 2116
676 2117
1051 2118
136 2119
1583 2120
840 2121
1796 2122
678 2123
1156 2124
702 2125
1012 2126
561 2127
841 2128
573 2129
1701 2130
656 2131
1522 2132
303 2133
2063 2134
1559 2135
449 2136
1200 2137
713 2138
1516 2139
1124 2140
1436 2141
533 2142
1377 2143
793 2144
811 2145
1699 2146
32 2147
439 2148
1950 2149
1520 2150
1597 2151
1107 2152
466 2153
1669 2154
847 2155
1125 2156
1142 2157
1654 2158
552 2159
1982 2160
620 2161
729 2162
2069 2163
70 2164
1167 2165
1965 2166
1895 2167
352 2168
474 2169
1054 2170
1391 2171
985 2172
1202 2173
848 2174
1164 2175
2130 2176
738 2177
934 2178
455 2179
661 2180
1370 2181
2059 2182
1208 2183
14 2184
1085 2185
865 2186
414 2187
1302 2188
670 2189
1610 2190
390 2191
698 2192
1927 2193
1421 2194
1994 2195
713 2196
608 2197
1898 2198
2075 2199
824 2200
1937 2201
1163 2202
1669 2203
1358 2204
1192 2205
1061 2206
479 2207
160 2208
1220 2209
1114 2210
458 2211
1391 2212
1271 2213
1561 2214
890 2215
1843 2216
342 2217
1567 2218
787 2219
1076 2220
889 2221
802 2222
93 2223
549 2224
859 2225
1420 2226
1551 2227
1588 2228
1352 2229
2094 2230
304 2231
1258 2232
578 2233
2117 2234
2028 2235
295 2236
1716 2237
1854 2238
1177 2239
1346 2240
1056 2241
1695 2242
2146 2243
76 2244
1994 2245
1827 2246
93 2247
40 2248
1108 2249
858 2250
1381 2251
1191 2252
144 2253
707 2254
780 2255
618 2256
1211 2257
1087 2258
733 2259
856 2260
685 2261
809 2262
2141 2263
812 2264
494 2265
693 2266
294 2267
946 2268
1102 2269
1542 2270
1602 2271
372 2272
1346 2273
750 2274
1126 2275
704 2276
1525 2277
150 2278
218 2279
1970 2280
529 2281
1847 2282
2106 2283
173 2284
305 2285
1686 2286
1024 2287
545 2288
722 2289
1778 2290
276 2291
1325 2292
2268 2293
1283 2294
760 2295
2193 2296
1527 2297
981 2298
1369 2299
1947 2300
583 2301
2086 2302
1989 2303
734 2304
1658 2305
419 2306
1706 2307
1507 2308
320 2309
647 2310
79 2311
1231 2312
139 2313
2056 2314
2009 2315
1580 2316
1327 2317
1657 2318
1788 2319
2085 2320
1208 2321
1439 2322
386 2323
1228 2324
378 2325
324 2326
1555 2327
1317 2328
277 2329
130 2330
1725 2331
754 2332
451 2333
788 2334
1744 2335
317 2336
2199 2337
699 2338
684 2339
1172 2340
1871 2341
521 2342
761 2343
129 2344
1174 2345
1582 2346
961 2347
1235 2348
123 2349
2345 2350
1172 2351
1954 2352
1367 2353
585 2354
1688 2355
1065 2356
1461 2357
1988 2358
1523 2359
125 2360
1953 2361
423 2362
908 2363
135 2364
2169 2365
1568 2366
1142 2367
1877 2368
1593 2369
796 2370
2357 2371
640 2372
2003 2373
1976 2374
377 2375
364 2376
1524 2377
1892 2378
1614 2379
2141 2380
1626 2381
1336 2382
1736 2383
265 2384
111 2385
1507 2386
522 2387
320 2388
1989 2389
2267 2390
1041 2391
2248 2392
1984 2393
379 2394
703 2395
826 2396
1961 2397
1695 2398
736 2399
295 2400
216 2401
1148 2402
1005 2403
1126 2404
1487 2405
910 2406
1962 2407
1214 2408
973 2409
1043 2410
1050 2411
1690 2412
923 2413
1644 2414
314 2415
1211 2416
467 2417
1614 2418
1041 2419
394 2420
512 2421
213 2422
754 2423
342 2424
275 2425
1270 2426
1770 2427
2393 2428
2418 2429
439 2430
433 2431
2249 2432
353 2433
815 2434
461 2435
698 2436
1817 2437
637 2438
1966 2439
884 2440
1004 2441
1131 2442
1048 2443
1454 2444
959 2445
1290 2446
716 2447
970 2448
1813 2449
2068 2450
1399 2451
1326 2452
712 2453
2371 2454
968 2455
185 2456
2044 2457
1466 2458
1102 2459
409 2460
709 2461
1087 2462
310 2463
1920 2464
1302 2465
1110 2466
1327 2467
125 2468
1039 2469
821 2470
530 2471
773 2472
518 2473
2084 2474
1149 2475
2092 2476
966 2477
812 2478
1404 2479
244 2480
1627 2481
117 2482
947 2483
1511 2484
1404 2485
1513 2486
380 2487
1020 2488
164 2489
1595 2490
909 2491
910 2492
2046 2493
1167 2494
1785 2495
2095 2496
163 2497
315 2498
2250 2499
1931 2500
998 2501
779 2502
2042 2503
931 2504
916 2505
517 2506
466 2507
2404 2508
1531 2509
450 2510
473 2511
1269 2512
2114 2513
1912 2514
1107 2515
2311 2516
2281 2517
303 2518
227 2519
1134 2520
1215 2521
1424 2522
2496 2523
1426 2524
5 2525
517 2526
285 2527
2322 2528
2296 2529
647 2530
472 2531
1358 2532
2035 2533
7 2534
2329 2535
560 2536
1737 2537
1040 2538
202 2539
2044 2540
1088 2541
2045 2542
1348 2543
1593 2544
1535 2545
83 2546
702 2547
1893 2548
428 2549
1242 2550
1342 2551
693 2552
317 2553
1505 2554
505 2555
2112 2556
1218 2557
130 2558
509 2559
1348 2560
1761 2561
122 2562
397 2563
161 2564
653 2565
175 2566
1514 2567
2273 2568
2130 2569
1618 2570
773 2571
966 2572
337 2573
144 2574
911 2575
387 2576
654 2577
1562 2578
1353 2579
1314 2580
1842 2581
1438 2582
2484 2583
686 2584
1131 2585
2565 2586
463 2587
760 2588
901 2589
206 2590
1706 2591
1843 2592
1695 2593
738 2594
1321 2595
1522 2596
74 2597
1747 2598
1450 2599
1453 2600
682 2601
1655 2602
2085 2603
80 2604
44 2605
2300 2606
1248 2607
253 2608
377 2609
1255 2610
2497 2611
2255 2612
902 2613
2210 2614
2372 2615
2096 2616
2247 2617
1756 2618
2558 2619
2339 2620
1313 2621
1392 2622
1791 2623
1520 2624
775 2625
1757 2626
359 2627
873 2628
2298 2629
1725 2630
2431 2631
2109 2632
2292 2633
265 2634
1557 2635
6 2636
36 2637
2502 2638
2031 2639
1366 2640
2244 2641
946 2642
2446 2643
2352 2644
1536 2645
987 2646
163 2647
1527 2648
2591 2649
63 2650
651 2651
2635 2652
1966 2653
1109 2654
449 2655
1195 2656
80 2657
2289 2658
76 2659
2292 2660
1733 2661
2446 2662
1941 2663
1063 2664
58 2665
2236 2666
379 2667
1791 2668
297 2669
1731 2670
520 2671
203 2672
1152 2673
822 2674
2445 2675
2364 2676
1496 2677
1315 2678
582 2679
1275 2680
1088 2681
1833 2682
2616 2683
352 2684
1849 2685
2527 2686
2023 2687
1927 2688
2316 2689
695 2690
1480 2691
2452 2692
1173 2693
2228 2694
835 2695
2156 2696
974 2697
1816 2698
2512 2699
2116 2700
1256 2701
2326 2702
2611 2703
1634 2704
1427 2705
439 2706
2253 2707
2205 2708
604 2709
1415 2710
1123 2711
1135 2712
2041 2713
1697 2714
424 2715
324 2716
2637 2717
1629 2718
2588 2719
2476 2720
1132 2721
2012 2722
2623 2723
1170 2724
824 2725
1725 2726
717 2727
2146 2728
2383 2729
1058 2730
1659 2731
1380 2732
50 2733
1468 2734
1884 2735
1150 2736
1776 2737
2017 2738
1040 2739
1847 2740
1423 2741
1719 2742
831 2743
157 2744
494 2745
1397 2746
1042 2747
2632 2748
2221 2749
1262 2750
290 2751
351 2752
627 2753
2278 2754
2028 2755
1638 2756
1270 2757
434 2758
971 2759
1731 2760
2643 2761
2298 2762
157 2763
539 2764
1438 2765
1537 2766
2426 2767
216 2768
2607 2769
498 2770
1843 2771
757 2772
1920 2773
2764 2774
909 2775
1284 2776
907 2777
2652 2778
2231 2779
1470 2780
1363 2781
1539 2782
539 2783
2446 2784
506 2785
71 2786
1901 2787
199 2788
1300 2789
213 2790
1065 2791
1777 2792
2434 2793
288 2794
1048 2795
347 2796
2252 2797
923 2798
2007 2799
1281 2800
2545 2801
342 2802
794 2803
1477 2804
719 2805
259 2806
87 2807
2803 2808
1799 2809
1562 2810
1816 2811
2573 2812
794 2813
1695 2814
2496 2815
2419 2816
356 2817
1398 2818
2112 2819
1593 2820
2433 2821
1751 2822
2758 2823
2433 2824
741 2825
2277 2826
1102 2827
1367 2828
665 2829
1420 2830
2506 2831
1265 2832
290 2833
1122 2834
2595 2835
420 2836
2519 2837
2719 2838
2394 2839
652 2840
647 2841
2688 2842
708 2843
2569 2844
2599 2845
1486 2846
1293 2847
1206 2848
1743 2849
483 2850
2656 2851
287 2852
1851 2853
1311 2854
2215 2855
2767 2856
2188 2857
1559 2858
1307 2859
2462 2860
1058 2861
565 2862
1077 2863
1944 2864
666 2865
1264 2866
2088 2867
890 2868
433 2869
1325 2870
1705 2871
1504 2872
1325 2873
16 2874
2352 2875
1720 2876
249 2877
2447 2878
1756 2879
1387 2880
799 2881
1024 2882
1114 2883
1375 2884
2446 2885
836 2886
1896 2887
1671 2888
1555 2889
1617 2890
2734 2891
1289 2892
2249 2893
2177 2894
2833 2895
2253 2896
1164 2897
1342 2898
1169 2899
1693 2900
2514 2901
2868 2902
4 2903
221 2904
1805 2905
345 2906
299 2907
1217 2908
2199 2909
601 2910
1987 2911
1032 2912
1611 2913
1857 2914
1493 2915
2838 2916
2247 2917
2011 2918
2264 2919
1185 2920
2068 2921
2095 2922
990 2923
1762 2924
803 2925
889 2926
2510 2927
1857 2928
2472 2929
1645 2930
1606 2931
2512 2932
1979 2933
2839 2934
1540 2935
490 2936
1315 2937
1671 2938
2429 2939
495 2940
1648 2941
943 2942
524 2943
238 2944
369 2945
878 2946
742 2947
1245 2948
102 2949
683 2950
2123 2951
1071 2952
1261 2953
1492 2954
1030 2955
1699 2956
1121 2957
1355 2958
111 2959
1893 2960
1589 2961
851 2962
2781 2963
1755 2964
2762 2965
2499 2966
563 2967
20 2968
2868 2969
2627 2970
500 2971
1202 2972
1540 2973
2013 2974
2217 2975
2441 2976
2465 2977
955 2978
379 2979
1739 2980
964 2981
1026 2982
1682 2983
1670 2984
2547 2985
701 2986
1772 2987
802 2988
1059 2989
1921 2990
451 2991
2020 2992
1653 2993
156 2994
1420 2995
2439 2996
2967 2997
2142 2998
1993 2999
2588 3000
2317 3001
1400 3002
1546 3003
2827 3004
2485 3005
2353 3006
147 3007
1073 3008
115 3009
1132 3010
279 3011
1304 3012
410 3013
954 3014
1345 3015
1243 3016
2310 3017
1775 3018
15 3019
739 3020
1672 3021
1899 3022
3020 3023
459 3024
2115 3025
625 3026
1975 3027
1602 3028
1921 3029
1405 3030
514 3031
2960 3032
2361 3033
237 3034
1850 3035
1640 3036
2610 3037
2896 3038
1056 3039
2754 3040
2639 3041
919 3042
2245 3043
2068 3044
1045 3045
2685 3046
1113 3047
88 3048
378 3049
1637 3050
2591 3051
422 3052
1469 3053
2713 3054
2845 3055
2026 3056
981 3057
1707 3058
816 3059
999 3060
1298 3061
1836 3062
1139 3063
730 3064
263 3065
2776 3066
1625 3067
1422 3068
873 3069
682 3070
1361 3071
2445 3072
1500 3073
1846 3074
890 3075
141 3076
2887 3077
1572 3078
639 3079
1852 3080
1205 3081
466 3082
2299 3083
2036 3084
2479 3085
1190 3086
1643 3087
2676 3088
995 3089
2435 3090
1463 3091
2810 3092
805 3093
2397 3094
2770 3095
2339 3096
1514 3097
2857 3098
1930 3099
245 3100
1247 3101
1637 3102
41 3103
2090 3104
1966 3105
416 3106
660 3107
1815 3108
1570 3109
577 3110
70 3111
1375 3112
2135 3113
1988 3114
1560 3115
55 3116
957 3117
2801 3118
333 3119
1658 3120
1135 3121
1766 3122
2595 3123
1522 3124
7 3125
381 3126
2732 3127
1288 3128
2391 3129
1492 3130
200 3131
1858 3132
3119 3133
2800 3134
1875 3135
3082 3136
2527 3137
182 3138
1528 3139
1733 3140
1475 3141
2096 3142
2959 3143
2461 3144
1591 3145
1764 3146
864 3147
841 3148
2905 3149
2062 3150
1366 3151
2021 3152
1253 3153
468 3154
164 3155
2536 3156
2007 3157
2636 3158
2937 3159
1908 3160
2767 3161
3157 3162
3135 3163
1011 3164
185 3165
2946 3166
2187 3167
77 3168
1692 3169
1357 3170
973 3171
82 3172
2595 3173
3113 3174
2812 3175
965 3176
1666 3177
385 3178
478 3179
1603 3180
1091 3181
205 3182
1845 3183
306 3184
996 3185
2179 3186
835 3187
902 3188
2449 3189
1243 3190
1954 3191
2534 3192
410 3193
202 3194
2680 3195
1232 3196
1785 3197
1501 3198
133 3199
840 3200
820 3201
781 3202
3017 3203
1856 3204
68 3205
3075 3206
1785 3207
50 3208
3069 3209
133 3210
2705 3211
122 3212
1534 3213
790 3214
283 3215
821 3216
1388 3217
627 3218
770 3219
1540 3220
4 3221
1436 3222
1329 3223
627 3224
1753 3225
206 3226
2253 3227
500 3228
694 3229
534 3230
2547 3231
2607 3232
1590 3233
61 3234
2949 3235
2419 3236
1083 3237
2441 3238
2289 3239
1655 3240
1295 3241
1022 3242
1674 3243
1346 3244
369 3245
2517 3246
1503 3247
1368 3248
396 3249
2526 3250
1365 3251
903 3252
2561 3253
1403 3254
670 3255
2201 3256
189 3257
3166 3258
998 3259
1081 3260
541 3261
759 3262
2 3263
479 3264
1870 3265
525 3266
1812 3267
253 3268
674 3269
1448 3270
1318 3271
171 3272
1697 3273
52 3274
1708 3275
574 3276
2051 3277
468 3278
1724 3279
2302 3280
2207 3281
2531 3282
2141 3283
3012 3284
1968 3285
2178 3286
2058 3287
2595 3288
554 3289
877 3290
2637 3291
1997 3292
3122 3293
410 3294
140 3295
1921 3296
1687 3297
2271 3298
251 3299
1621 3300
2868 3301
481 3302
3221 3303
728 3304
2291 3305
1049 3306
867 3307
1270 3308
615 3309
2648 3310
2223 3311
1762 3312
507 3313
2477 3314
2259 3315
3069 3316
1098 3317
354 3318
1604 3319
956 3320
1818 3321
3150 3322
784 3323
2731 3324
2041 3325
2239 3326
1992 3327
909 3328
1878 3329
1127 3330
1916 3331
3115 3332
2934 3333
3259 3334
2177 3335
2561 3336
2190 3337
1016 3338
2466 3339
2027 3340
1463 3341
2873 3342
2586 3343
2332 3344
1552 3345
1856 3346
1671 3347
2229 3348
512 3349
544 3350
2281 3351
2398 3352
1691 3353
2674 3354
588 3355
3252 3356
2502 3357
423 3358
753 3359
3181 3360
473 3361
706 3362
2600 3363
2494 3364
837 3365
889 3366
1499 3367
3141 3368
2217 3369
748 3370
1988 3371
501 3372
358 3373
2063 3374
331 3375
2879 3376
2792 3377
2550 3378
1170 3379
1206 3380
2534 3381
525 3382
2190 3383
643 3384
3035 3385
1173 3386
3014 3387
2446 3388
708 3389
2820 3390
2658 3391
3087 3392
807 3393
2162 3394
3077 3395
2784 3396
887 3397
2241 3398
2993 3399
1391 3400
477 3401
2808 3402
377 3403
1573 3404
1964 3405
1155 3406
2880 3407
958 3408
3380 3409
1883 3410
2183 3411
2541 3412
3141 3413
2953 3414
2144 3415
185 3416
3340 3417
262 3418
22 3419
811 3420
1298 3421
479 3422
115 3423
273 3424
117 3425
438 3426
335 3427
654 3428
2980 3429
652 3430
693 3431
2612 3432
2661 3433
448 3434
67 3435
1460 3436
3328 3437
412 3438
146 3439
2639 3440
897 3441
93 3442
302 3443
1326 3444
1123 3445
2548 3446
1239 3447
2949 3448
2516 3449
3382 3450
974 3451
186 3452
3274 3453
3043 3454
127 3455
2938 3456
3345 3457
1888 3458
2767 3459
1806 3460
65 3461
648 3462
83 3463
2650 3464
142 3465
891 3466
847 3467
3268 3468
1564 3469
1356 3470
2681 3471
983 3472
1265 3473
2864 3474
2552 3475
2872 3476
2637 3477
1920 3478
2702 3479
1134 3480
1869 3481
2389 3482
2978 3483
2808 3484
17 3485
2307 3486
1241 3487
873 3488
514 3489
2308 3490
1170 3491
2294 3492
2488 3493
1108 3494
1638 3495
1701 3496
1904 3497
798 3498
3065 3499
1728 3500
738 3501
2760 3502
1545 3503
2825 3504
1385 3505
1845 3506
3030 3507
570 3508
385 3509
2337 3510
190 3511
1376 3512
3018 3513
2626 3514
1734 3515
905 3516
1047 3517
1954 3518
2816 3519
481 3520
403 3521
2303 3522
2076 3523
3196 3524
1102 3525
3311 3526
2786 3527
1369 3528
3057 3529
3022 3530
3319 3531
1807 3532
1149 3533
467 3534
1350 3535
633 3536
785 3537
1180 3538
3289 3539
77 3540
3510 3541
670 3542
1054 3543
1680 3544
2410 3545
2841 3546
1824 3547
931 3548
2600 3549
537 3550
2912 3551
2534 3552
701 3553
3162 3554
1712 3555
1480 3556
274 3557
784 3558
46 3559
1538 3560
139 3561
2896 3562
2239 3563
3197 3564
2413 3565
358 3566
1767 3567
2222 3568
2885 3569
778 3570
2315 3571
2645 3572
1346 3573
68 3574
114 3575
3498 3576
1403 3577
1906 3578
283 3579
610 3580
767 3581
2080 3582
792 3583
2027 3584
2546 3585
2678 3586
158 3587
340 3588
1511 3589
2594 3590
2492 3591
2389 3592
1080 3593
3424 3594
3585 3595
3506 3596
2632 3597
1277 3598
3036 3599
3087 3600
971 3601
3246 3602
479 3603
529 3604
2883 3605
2499 3606
3487 3607
2822 3608
614 3609
569 3610
2913 3611
805 3612
1786 3613
1465 3614
528 3615
822 3616
276 3617
1692 3618
2256 3619
3255 3620
1593 3621
2782 3622
2717 3623
3115 3624
2079 3625
136 3626
2465 3627
339 3628
3318 3629
1311 3630
2252 3631
666 3632
1873 3633
3307 3634
3262 3635
818 3636
3390 3637
1539 3638
2868 3639
3606 3640
3622 3641
3352 3642
1467 3643
2376 3644
108 3645
1929 3646
3078 3647
2345 3648
517 3649
2003 3650
516 3651
486 3652
1043 3653
3004 3654
2766 3655
1315 3656
3353 3657
3621 3658
528 3659
985 3660
2899 3661
2922 3662
2975 3663
3043 3664
711 3665
1058 3666
2341 3667
3636 3668
3232 3669
3427 3670
2254 3671
3185 3672
3059 3673
1948 3674
3506 3675
3433 3676
1598 3677
1084 3678
1351 3679
3342 3680
3015 3681
2230 3682
20 3683
1814 3684
1714 3685
850 3686
1596 3687
552 3688
1142 3689
350 3690
430 3691
3052 3692
2730 3693
1903 3694
2500 3695
174 3696
3500 3697
3338 3698
2742 3699
2342 3700
134 3701
100 3702
1971 3703
407 3704
3393 3705
3042 3706
1464 3707
1321 3708
2366 3709
2542 3710
614 3711
3155 3712
3428 3713
3163 3714
1089 3715
2327 3716
31 3717
2033 3718
2556 3719
781 3720
635 3721
1266 3722
2015 3723
2044 3724
1519 3725
3622 3726
1789 3727
2660 3728
966 3729
3654 3730
1566 3731
1799 3732
1465 3733
830 3734
1423 3735
1380 3736
2288 3737
3573 3738
2937 3739
2205 3740
1241 3741
3116 3742
987 3743
1491 3744
3509 3745
590 3746
1258 3747
424 3748
651 3749
2381 3750
3363 3751
412 3752
1263 3753
251 3754
304 3755
318 3756
1097 3757
2358 3758
291 3759
624 3760
3676 3761
2320 3762
1786 3763
3614 3764
892 3765
1970 3766
2769 3767
2803 3768
1273 3769
3611 3770
3207 3771
3076 3772
3489 3773
741 3774
1127 3775
762 3776
2546 3777
3578 3778
1297 3779
3205 3780
1610 3781
1980 3782
460 3783
1437 3784
1354 3785
3119 3786
1242 3787
1184 3788
2956 3789
1610 3790
195 3791
3287 3792
2928 3793
742 3794
3204 3795
2673 3796
2912 3797
608 3798
1604 3799
1366 3800
67 3801
814 3802
3083 3803
2738 3804
335 3805
2365 3806
3105 3807
2969 3808
2874 3809
3049 3810
667 3811
2831 3812
406 3813
1306 3814
3792 3815
1052 3816
752 3817
452 3818
378 3819
1709 3820
2843 3821
2476 3822
3212 3823
2911 3824
307 3825
728 3826
1342 3827
1586 3828
1909 3829
2762 3830
2456 3831
1939 3832
1827 3833
2958 3834
409 3835
1754 3836
1103 3837
101 3838
2044 3839
2532 3840
1151 3841
173 3842
2200 3843
19 3844
339 3845
1196 3846
1104 3847
2682 3848
1132 3849
3518 3850
1493 3851
668 3852
962 3853
2195 3854
3223 3855
231 3856
3355 3857
1187 3858
1800 3859
788 3860
2219 3861
467 3862
3771 3863
107 3864
3213 3865
1836 3866
2638 3867
1674 3868
1495 3869
3002 3870
3791 3871
2890 3872
2471 3873
769 3874
919 3875
367 3876
991 3877
1128 3878
1683 3879
2579 3880
571 3881
3700 3882
1837 3883
3760 3884
3225 3885
2822 3886
2500 3887
3600 3888
2486 3889
1849 3890
1629 3891
627 3892
2924 3893
70 3894
322 3895
208 3896
437 3897
2688 3898
1539 3899
1137 3900
3580 3901
3042 3902
3801 3903
2310 3904
2152 3905
1104 3906
2792 3907
1952 3908
3361 3909
94 3910
799 3911
2894 3912
2637 3913
220 3914
668 3915
1651 3916
1993 3917
3880 3918
3759 3919
3541 3920
2995 3921
320 3922
339 3923
1165 3924
2751 3925
3045 3926
3320 3927
3521 3928
3854 3929
1305 3930
2535 3931
2523 3932
1660 3933
2324 3934
3788 3935
1648 3936
418 3937
2486 3938
3157 3939
3863 3940
2008 3941
1950 3942
1008 3943
1825 3944
2352 3945
3451 3946
3494 3947
2108 3948
738 3949
2770 3950
2260 3951
2069 3952
896 3953
1916 3954
794 3955
1603 3956
987 3957
2555 3958
3166 3959
1999 3960
3794 3961
3877 3962
1060 3963
1798 3964
3019 3965
2718 3966
335 3967
2862 3968
1447 3969
1068 3970
2113 3971
1121 3972
1630 3973
14 3974
808 3975
2256 3976
3760 3977
1050 3978
2274 3979
2262 3980
1943 3981
2850 3982
3755 3983
2536 3984
725 3985
910 3986
488 3987
3932 3988
68 3989
3871 3990
826 3991
3978 3992
1379 3993
1901 3994
347 3995
1714 3996
3225 3997
1686 3998
3902 3999
3133 4000
3774 4001
2653 4002
2170 4003
3517 4004
1267 4005
2275 4006
3269 4007
3743 4008
3086 4009
402 4010
2581 4011
937 4012
2504 4013
3606 4014
743 4015
3372 4016
261 4017
2754 4018
1201 4019
1888 4020
3031 4021
3403 4022
243 4023
1290 4024
730 4025
3538 4026
267 4027
805 4028
3437 4029
3994 4030
1042 4031
2007 4032
2719 4033
3234 4034
2203 4035
145 4036
3800 4037
1843 4038
688 4039
3891 4040
3077 4041
3861 4042
3338 4043
853 4044
2800 4045
3657 4046
3080 4047
3183 4048
2872 4049
520 4050
3410 4051
1855 4052
3812 4053
2747 4054
968 4055
2746 4056
3850 4057
1767 4058
145 4059
3419 4060
1409 4061
2564 4062
397 4063
3948 4064
3773 4065
1102 4066
2921 4067
3712 4068
1054 4069
107 4070
935 4071
876 4072
3621 4073
596 4074
836 4075
2272 4076
3853 4077
620 4078
31 4079
2187 4080
522 4081
1335 4082
388 4083
2257 4084
679 4085
762 4086
664 4087
3575 4088
889 4089
413 4090
273 4091
787 4092
589 4093
3477 4094
3544 4095
2854 4096
2314 4097
781 4098
1482 4099
3014 4100
2586 4101
2734 4102
3550 4103
33 4104
3670 4105
2724 4106
473 4107
714 4108
369 4109
1905 4110
1456 4111
1329 4112
3918 4113
2290 4114
2337 4115
3190 4116
2385 4117
2700 4118
1973 4119
2578 4120
3355 4121
2797 4122
2434 4123
3731 4124
1037 4125
3778 4126
351 4127
1866 4128
1002 4129
4082 4130
1386 4131
672 4132
971 4133
3726 4134
1687 4135
4075 4136
3328 4137
3957 4138
2372 4139
4053 4140
3381 4141
3275 4142
3985 4143
1933 4144
885 4145
3432 4146
49 4147
1816 4148
3521 4149
403 4150
4104 4151
1465 4152
3001 4153
2241 4154
1362 4155
2913 4156
3511 4157
3954 4158
3033 4159
1377 4160
4015 4161
3587 4162
820 4163
3715 4164
2729 4165
4045 4166
1658 4167
1078 4168
2017 4169
1126 4170
3201 4171
4099 4172
2786 4173
640 4174
4010 4175
2891 4176
3795 4177
1696 4178
2943 4179
538 4180
952 4181
345 4182
1842 4183
97 4184
2763 4185
2993 4186
2211 4187
3346 4188
2653 4189
1173 4190
3392 4191
3312 4192
4172 4193
593 4194
2518 4195
1547 4196
4060 4197
1135 4198
3037 4199
2001 4200
2584 4201
3304 4202
2227 4203
31 4204
439 4205
1057 4206
412 4207
2373 4208
1288 4209
4013 4210
760 4211
2223 4212
1025 4213
809 4214
793 4215
126 4216
1767 4217
3469 4218
3716 4219
2690 4220
2109 4221
3665 4222
1556 4223
1708 4224
1445 4225
2738 4226
4219 4227
3061 4228
4222 4229
2014 4230
2133 4231
1910 4232
1945 4233
579 4234
695 4235
272 4236
251 4237
2669 4238
469 4239
2190 4240
3230 4241
561 4242
510 4243
1079 4244
274 4245
828 4246
17 4247
3568 4248
3295 4249
1257 4250
297 4251
1605 4252
1 4253
41 4254
2215 4255
3059 4256
2713 4257
2241 4258
2247 4259
719 4260
2787 4261
608 4262
1552 4263
2371 4264
138 4265
1670 4266
3565 4267
4178 4268
1803 4269
4191 4270
2686 4271
1912 4272
205 4273
198 4274
3480 4275
3772 4276
2275 4277
3090 4278
2719 4279
2114 4280
2694 4281
667 4282
3921 4283
3179 4284
2281 4285
1313 4286
3966 4287
1591 4288
1784 4289
1790 4290
312 4291
1473 4292
4083 4293
1565 4294
3481 4295
3792 4296
1452 4297
3254 4298
1982 4299
737 4300
1705 4301
1777 4302
1228 4303
797 4304
1656 4305
2366 4306
175 4307
924 4308
1689 4309
523 4310
3436 4311
126 4312
2866 4313
334 4314
2249 4315
376 4316
2345 4317
1794 4318
1694 4319
1703 4320
4063 4321
2086 4322
783 4323
1728 4324
3913 4325
2756 4326
241 4327
1281 4328
2900 4329
1556 4330
615 4331
2213 4332
1052 4333
3313 4334
1199 4335
1293 4336
4270 4337
1438 4338
2568 4339
1663 4340
608 4341
2291 4342
3878 4343
3093 4344
161 4345
4218 4346
4090 4347
2995 4348
4218 4349
2249 4350
1663 4351
1400 4352
2957 4353
1489 4354
281 4355
1481 4356
1126 4357
2924 4358
1684 4359
1573 4360
3280 4361
885 4362
3973 4363
733 4364
1026 4365
1791 4366
1372 4367
1621 4368
2907 4369
1601 4370
721 4371
552 4372
3486 4373
3337 4374
2244 4375
301 4376
1817 4377
2939 4378
2342 4379
2517 4380
2253 4381
1281 4382
1034 4383
2073 4384
3245 4385
4340 4386
149 4387
2507 4388
3142 4389
4122 4390
3347 4391
278 4392
2704 4393
2825 4394
3566 4395
2263 4396
2215 4397
2923 4398
3430 4399
1369 4400
2553 4401
507 4402
467 4403
1496 4404
4003 4405
1461 4406
2753 4407
3224 4408
1971 4409
88 4410
3571 4411
2141 4412
531 4413
1790 4414
3586 4415
4385 4416
396 4417
124 4418
3563 4419
3519 4420
3364 4421
4017 4422
708 4423
4058 4424
1233 4425
2748 4426
4385 4427
2631 4428
793 4429
2655 4430
3861 4431
125 4432
2937 4433
957 4434
1043 4435
661 4436
941 4437
2483 4438
2208 4439
1770 4440
986 4441
1260 4442
2307 4443
4380 4444
1980 4445
508 4446
1746 4447
1874 4448
3684 4449
3415 4450
2479 4451
397 4452
1040 4453
1218 4454
1151 4455
2526 4456
3155 4457
3680 4458
3686 4459
3308 4460
2937 4461
3444 4462
1940 4463
2152 4464
2581 4465
1799 4466
3612 4467
3653 4468
3324 4469
125 4470
101 4471
45 4472
3582 4473
2992 4474
2256 4475
1012 4476
2243 4477
1040 4478
2059 4479
1724 4480
3335 4481
3821 4482
56 4483
228 4484
234 4485
895 4486
238 4487
2122 4488
3927 4489
3335 4490
467 4491
2375 4492
1947 4493
4468 4494
2787 4495
1784 4496
2408 4497
4133 4498
1456 4499
2851 4500
3014 4501
750 4502
429 4503
1619 4504
774 4505
3206 4506
1647 4507
3772 4508
3275 4509
2003 4510
1094 4511
2169 4512
241 4513
1103 4514
526 4515
4316 4516
3001 4517
4507 4518
4212 4519
2652 4520
3606 4521
1248 4522
2973 4523
3266 4524
3605 4525
3987 4526
3547 4527
2586 4528
1521 4529
3237 4530
115 4531
3550 4532
2893 4533
2353 4534
3273 4535
579 4536
1303 4537
1799 4538
3039 4539
3406 4540
2901 4541
3146 4542
325 4543
488 4544
1723 4545
2646 4546
1489 4547
2753 4548
453 4549
823 4550
4285 4551
715 4552
2315 4553
3953 4554
3840 4555
1589 4556
131 4557
4387 4558
1531 4559
1907 4560
2066 4561
668 4562
3875 4563
93 4564
2943 4565
153 4566
3677 4567
1552 4568
3526 4569
297 4570
3842 4571
3877 4572
2373 4573
2272 4574
4197 4575
3927 4576
2464 4577
3095 4578
2957 4579
2229 4580
3996 4581
2420 4582
938 4583
3908 4584
9 4585
175 4586
3076 4587
1777 4588
2979 4589
899 4590
430 4591
4177 4592
444 4593
4093 4594
146 4595
526 4596
107 4597
4442 4598
552 4599
1779 4600
2551 4601
922 4602
4223 4603
3310 4604
1505 4605
97 4606
2550 4607
2202 4608
163 4609
3262 4610
3774 4611
1730 4612
3291 4613
1413 4614
417 4615
1176 4616
780 4617
2740 4618
1269 4619
677 4620
3369 4621
320 4622
4518 4623
218 4624
3374 4625
2608 4626
2067 4627
4258 4628
170 4629
2330 4630
245 4631
2927 4632
1301 4633
235 4634
2404 4635
4423 4636
2014 4637
1725 4638
1730 4639
3070 4640
2939 4641
4423 4642
2602 4643
1904 4644
1545 4645
1697 4646
2665 4647
1394 4648
126 4649
806 4650
4182 4651
2351 4652
414 4653
1159 4654
3557 4655
4 4656
1421 4657
597 4658
2730 4659
1511 4660
263 4661
4545 4662
1280 4663
2408 4664
1655 4665
1916 4666
1351 4667
2479 4668
3758 4669
3769 4670
2097 4671
2241 4672
3221 4673
2583 4674
2807 4675
4661 4676
576 4677
2859 4678
439 4679
4316 4680
4391 4681
1203 4682
1213 4683
1476 4684
236 4685
3549 4686
941 4687
1714 4688
1432 4689
1988 4690
525 4691
1791 4692
4248 4693
4049 4694
1036 4695
2998 4696
1379 4697
326 4698
1339 4699
3296 4700
251 4701
1310 4702
4584 4703
4674 4704
2791 4705
1585 4706
2608 4707
2057 4708
3533 4709
716 4710
2361 4711
3481 4712
3005 4713
3890 4714
4397 4715
40 4716
3475 4717
1772 4718
3069 4719
2898 4720
3942 4721
775 4722
3715 4723
333 4724
870 4725
3220 4726
2299 4727
3158 4728
2543 4729
1738 4730
378 4731
3615 4732
3870 4733
1150 4734
1615 4735
2141 4736
4498 4737
1124 4738
650 4739
4577 4740
840 4741
2890 4742
3189 4743
786 4744
892 4745
3919 4746
3908 4747
4501 4748
152 4749
3536 4750
732 4751
3036 4752
3509 4753
2719 4754
4168 4755
64 4756
908 4757
4284 4758
1294 4759
4670 4760
722 4761
2475 4762
3308 4763
3018 4764
443 4765
4472 4766
826 4767
2215 4768
607 4769
4021 4770
800 4771
2007 4772
1 4773
1357 4774
2386 4775
3339 4776
152 4777
3567 4778
2468 4779
4694 4780
2590 4781
1630 4782
118 4783
291 4784
2688 4785
3334 4786
130 4787
1923 4788
1280 4789
116 4790
699 4791
3642 4792
3877 4793
2806 4794
1233 4795
1102 4796
4035 4797
404 4798
1375 4799
2549 4800
4664 4801
66 4802
1527 4803
2021 4804
3545 4805
2142 4806
2992 4807
3216 4808
3772 4809
2322 4810
3841 4811
334 4812
1442 4813
205 4814
1140 4815
3246 4816
4171 4817
4072 4818
4688 4819
4441 4820
2880 4821
3887 4822
198 4823
4504 4824
2512 4825
2492 4826
69 4827
3291 4828
859 4829
4465 4830
4521 4831
2157 4832
4288 4833
228 4834
1458 4835
765 4836
3485 4837
2122 4838
3133 4839
1620 4840
4417 4841
624 4842
4450 4843
1453 4844
3948 4845
4514 4846
479 4847
817 4848
1391 4849
3623 4850
304 4851
759 4852
4850 4853
1484 4854
1046 4855
4339 4856
2162 4857
2966 4858
3540 4859
2435 4860
748 4861
2175 4862
4676 4863
383 4864
3970 4865
3887 4866
116 4867
4656 4868
4335 4869
4420 4870
1028 4871
4341 4872
3029 4873
2596 4874
1497 4875
661 4876
1551 4877
1881 4878
2132 4879
2016 4880
2941 4881
68 4882
4057 4883
3733 4884
2720 4885
554 4886
3584 4887
3286 4888
479 4889
2973 4890
3005 4891
4520 4892
264 4893
745 4894
3340 4895
4809 4896
3176 4897
3341 4898
4270 4899
2229 4900
3757 4901
3462 4902
4730 4903
3620 4904
2350 4905
3174 4906
3117 4907
283 4908
1000 4909
4761 4910
3518 4911
840 4912
762 4913
2061 4914
2800 4915
2391 4916
3552 4917
4266 4918
1398 4919
1541 4920
78 4921
2134 4922
418 4923
3124 4924
1423 4925
3031 4926
2411 4927
2613 4928
1108 4929
3590 4930
411 4931
1486 4932
54 4933
3794 4934
4718 4935
3623 4936
4006 4937
3235 4938
3047 4939
2837 4940
1413 4941
4471 4942
1239 4943
442 4944
2984 4945
1973 4946
3059 4947
4280 4948
2552 4949
3084 4950
2732 4951
2683 4952
1729 4953
676 4954
712 4955
4545 4956
1970 4957
4846 4958
1542 4959
840 4960
4733 4961
3992 4962
764 4963
4356 4964
2376 4965
2919 4966
3922 4967
46 4968
1883 4969
2429 4970
4020 4971
2959 4972
2082 4973
1957 4974
4825 4975
105 4976
683 4977
4122 4978
4587 4979
3305 4980
871 4981
4241 4982
2661 4983
4048 4984
2161 4985
2577 4986
1814 4987
823 4988
4351 4989
2825 4990
3442 4991
1173 4992
1895 4993
2621 4994
3836 4995
1531 4996
1968 4997
3610 4998
4637 4999
4495 5000
